function speed_WLTP_normalized = wltp_velocity_profile(sim_tim, dt)
    % Define the original WLTP profile here
    speed_WLTP = [
                    0
                    0
                    0
                    0
                    0
                    0
                    0
                    0
                    0
                    0
                    0
                    0
                    0.2
                    1.7
                    5.4
                    9.9
                    13.1
                    16.9
                    21.7
                    26
                    27.5
                    28.1
                    28.3
                    28.8
                    29.1
                    30.8
                    31.9
                    34.1
                    36.6
                    39.1
                    41.3
                    42.5
                    43.3
                    43.9
                    44.4
                    44.5
                    44.2
                    42.7
                    39.9
                    37
                    34.6
                    32.3
                    29
                    25.1
                    22.2
                    20.9
                    20.4
                    19.5
                    18.4
                    17.8
                    17.8
                    17.4
                    15.7
                    13.1
                    12.1
                    12
                    12
                    12
                    12.3
                    12.6
                    14.7
                    15.3
                    15.9
                    16.2
                    17.1
                    17.8
                    18.1
                    18.4
                    20.3
                    23.2
                    26.5
                    29.8
                    32.6
                    34.4
                    35.5
                    36.4
                    37.4
                    38.5
                    39.3
                    39.5
                    39
                    38.5
                    37.3
                    37
                    36.7
                    35.9
                    35.3
                    34.6
                    34.2
                    31.9
                    27.3
                    22
                    17
                    14.2
                    12
                    9.1
                    5.8
                    3.6
                    2.2
                    0
                    0
                    0
                    0
                    0
                    0
                    0
                    0
                    0
                    0
                    0
                    0
                    0
                    0
                    0
                    0
                    0
                    0
                    0
                    0
                    0
                    0
                    0
                    0
                    0
                    0
                    0
                    0
                    0
                    0
                    0
                    0
                    0
                    0
                    0
                    0
                    0
                    0
                    0
                    0.2
                    1.9
                    6.1
                    11.7
                    16.4
                    18.9
                    19.9
                    20.8
                    22.8
                    25.4
                    27.7
                    29.2
                    29.8
                    29.4
                    27.2
                    22.6
                    17.3
                    13.3
                    12
                    12.6
                    14.1
                    17.2
                    20.1
                    23.4
                    25.5
                    27.6
                    29.5
                    31.1
                    32.1
                    33.2
                    35.2
                    37.2
                    38
                    37.4
                    35.1
                    31
                    27.1
                    25.3
                    25.1
                    25.9
                    27.8
                    29.2
                    29.6
                    29.5
                    29.2
                    28.3
                    26.1
                    23.6
                    21
                    18.9
                    17.1
                    15.7
                    14.5
                    13.7
                    12.9
                    12.5
                    12.2
                    12
                    12
                    12
                    12
                    12.5
                    13
                    14
                    15
                    16.5
                    19
                    21.2
                    23.8
                    26.9
                    29.6
                    32
                    35.2
                    37.5
                    39.2
                    40.5
                    41.6
                    43.1
                    45
                    47.1
                    49
                    50.6
                    51.8
                    52.7
                    53.1
                    53.5
                    53.8
                    54.2
                    54.8
                    55.3
                    55.8
                    56.2
                    56.5
                    56.5
                    56.2
                    54.9
                    52.9
                    51
                    49.8
                    49.2
                    48.4
                    46.9
                    44.3
                    41.5
                    39.5
                    37
                    34.6
                    32.3
                    29
                    25.1
                    22.2
                    20.9
                    20.4
                    19.5
                    18.4
                    17.8
                    17.8
                    17.4
                    15.7
                    14.5
                    15.4
                    17.9
                    20.6
                    23.2
                    25.7
                    28.7
                    32.5
                    36.1
                    39
                    40.8
                    42.9
                    44.4
                    45.9
                    46
                    45.6
                    45.3
                    43.7
                    40.8
                    38
                    34.4
                    30.9
                    25.5
                    21.4
                    20.2
                    22.9
                    26.6
                    30.2
                    34.1
                    37.4
                    40.7
                    44
                    47.3
                    49.2
                    49.8
                    49.2
                    48.1
                    47.3
                    46.8
                    46.7
                    46.8
                    47.1
                    47.3
                    47.3
                    47.1
                    46.6
                    45.8
                    44.8
                    43.3
                    41.8
                    40.8
                    40.3
                    40.1
                    39.7
